Mass (amu)	P (Torr)
0	0.0E+0
1	1.4E-7
2	2.4E-8
3	0.0E+0
4	0.0E+0
5	0.0E+0
6	0.0E+0
7	0.0E+0
8	0.0E+0
9	0.0E+0
10	0.0E+0
11	0.0E+0
12	1.5E-9
13	9.2E-9
14	8.8E-8
15	1.0E-8
16	5.0E-8
17	1.5E-7
18	2.7E-7
19	2.3E-9
20	8.0E-10
21	6.0E-10
22	0.0E+0
23	0.0E+0
24	0.0E+0
25	9.0E-10
26	4.6E-9
27	1.4E-6
28	2.0E-8
29	1.8E-8
30	8.0E-10
31	3.7E-7
32	1.0E-9
33	1.8E-9
34	2.0E-10
35	1.0E-9
36	1.0E-10
37	6.0E-10
38	1.2E-9
39	3.0E-8
40	1.2E-9
41	1.4E-9
42	4.6E-9
43	5.5E-8
44	1.0E-9
45	9.0E-10
46	0.0E+0
47	1.0E-10
48	0.0E+0
49	0.0E+0
50	0.0E+0
