Mass (amu)	P (Torr)
0	0.0E+0
1	1.5E-7
2	2.4E-8
3	0.0E+0
4	0.0E+0
5	0.0E+0
6	0.0E+0
7	0.0E+0
8	0.0E+0
9	0.0E+0
10	1.0E-10
11	1.0E-10
12	2.4E-9
13	9.7E-9
14	4.9E-8
15	1.3E-8
16	5.7E-8
17	1.8E-7
18	3.1E-7
19	2.4E-9
20	9.0E-10
21	5.0E-10
22	1.0E-10
23	0.0E+0
24	1.0E-10
25	1.1E-9
26	4.9E-9
27	1.3E-6
28	2.0E-8
29	2.4E-8
30	8.0E-10
31	3.6E-7
32	0.0E+0
33	1.8E-9
34	2.0E-10
35	1.2E-9
36	3.0E-10
37	6.0E-10
38	1.3E-9
39	3.1E-8
40	1.4E-9
41	1.7E-9
42	5.2E-9
43	5.8E-8
44	1.2E-9
45	6.0E-10
46	1.0E-10
47	2.0E-10
48	0.0E+0
49	1.0E-10
50	1.0E-10
