Mass (amu)	P (Torr)
0	0.0E+0
1	2.9E-7
2	2.7E-8
3	1.1E-8
4	9.0E-7
5	3.0E-10
6	0.0E+0
7	1.0E-10
8	1.0E-10
9	0.0E+0
10	0.0E+0
11	0.0E+0
12	1.6E-9
13	3.0E-10
14	1.9E-9
15	3.6E-9
16	2.3E-8
17	9.9E-8
18	4.0E-7
19	4.0E-10
20	9.0E-10
21	1.0E-10
22	3.0E-10
23	0.0E+0
24	1.0E-10
25	4.0E-10
26	2.0E-9
27	2.4E-8
28	1.0E-9
29	6.3E-9
30	3.0E-10
31	3.6E-8
32	1.0E-10
33	2.0E-10
34	1.0E-10
35	5.0E-10
36	1.0E-10
37	3.0E-10
38	3.0E-10
39	6.0E-10
40	6.0E-10
41	9.0E-10
42	2.6E-9
43	3.4E-8
44	7.0E-10
45	4.0E-10
46	1.0E-10
47	1.0E-10
48	0.0E+0
49	0.0E+0
50	0.0E+0
