Mass (amu)	P (Torr)
0	0.0E+0
1	1.9E-7
2	2.7E-8
3	0.0E+0
4	1.0E-9
5	0.0E+0
6	0.0E+0
7	0.0E+0
8	0.0E+0
9	0.0E+0
10	0.0E+0
11	1.0E-10
12	3.0E-9
13	1.2E-8
14	6.3E-8
15	1.1E-8
16	6.6E-8
17	3.6E-7
18	6.6E-7
19	1.3E-9
20	8.0E-10
21	3.0E-10
22	6.0E-10
23	0.0E+0
24	0.0E+0
25	1.1E-9
26	6.0E-9
27	1.1E-6
28	8.0E-8
29	2.0E-8
30	7.0E-10
31	3.2E-8
32	1.0E-9
33	3.0E-10
34	1.0E-10
35	6.0E-10
36	0.0E+0
37	3.0E-10
38	6.0E-10
39	2.2E-9
40	1.3E-9
41	2.1E-9
42	5.3E-9
43	6.5E-8
44	1.1E-9
45	9.0E-10
46	1.0E-10
47	3.0E-10
48	0.0E+0
49	1.0E-10
50	1.0E-10
